    7680
    7636
    7672
    7589
    7122
    7540
    7682
    7986
    7933
    7926
    7803
    7553
    7352
    7512
    7258
    7910
    7959
    7423
    7790
    7760
    7686
    7503
    7550
    7649
    7720
    8064
    8087
    7288
    8039
    7678
    7688
    7572
    7374
    7654
    7460
    7873
    7621
    7645
    7642
    7902
    7795
    7755
    7470
    7601
    7565
    7566
    7269
    7955
    7882
    7935
    7690
    7575
    7584
    8073
    7503
    7579
    7911
    7710
    7833
    7506
    7693
    7668
    8023
    7419
    7606
    7720
    7712
    7872
    7567
    7796
